2.458305365138313547e-02 2.962156521297256706e+00
-1.523926309306706584e+00 7.125732049794708090e+00
1.274508252752551085e+00 5.630173224135420540e+00
-8.655233447338817054e-01 7.801217735109641893e+00
7.487406696975609233e-01 2.555794339556125117e+00
4.359184219116819747e+00 -1.623521627836099768e-01
-1.995768201188701241e+00 7.164409758325649413e-01
1.705360640724031818e+00 4.432770238205800517e+00
4.906169027083611134e-01 8.829854406957094781e+00
-3.529955018562198621e-01 9.210424082034585069e+00
-1.836018457993614739e+00 2.684415599789429674e+00
-3.617842679972752773e+00 8.699512316139243140e+00
1.420133311291920775e+00 4.637461654822656598e+00
-2.880890300980644803e+00 6.267692291333141874e+00
1.055052174043312752e+00 -6.471074368396743104e-01
1.054729293646132771e-01 3.724937662683974526e+00
1.131217504243411387e+00 4.681949847050563385e+00
2.912098133335568662e+00 2.466380666377904207e-01
-7.602408315768197644e-01 3.274175078805411143e+00
-7.797156790172740104e-01 1.728937306129386231e+00
3.154927117319990870e+00 1.552927390660534979e+00
1.591671546786783020e+00 1.379145133711399573e+00
5.730931315733154285e-01 5.526232397830817433e+00
-2.309533169049430956e+00 2.807492962306234574e+00
-2.179197613156925062e+00 2.396692949032011466e+00
-1.576719737287583634e+00 4.957405922888750816e+00
1.458953482982369376e+00 8.450963636683910263e-01
3.404240001676140936e-01 4.980220622394889496e+00
-3.782468242624095200e+00 1.895375417697518827e+00
-3.396373319650258793e-01 3.842202722633681233e+00
-2.338521055249009883e-02 7.900316121985172302e+00
-2.596181197375270422e+00 7.073886627385037151e+00
2.470349151704101409e+00 4.098629063682588836e+00
-1.053186077594768566e+00 6.053897159936004968e+00
-1.908312094880232568e+00 8.011278968937624256e+00
-3.200059876227752120e+00 7.175568285912097721e+00
-2.527944947950389043e+00 7.250028811363823600e+00
-3.536875814760678249e+00 8.086944430663132621e+00
-2.653729821978649372e+00 2.187204508468297615e+00
1.402858939045857456e+00 5.067102847503361929e-01
4.654649409776220326e-01 3.123155143325977878e+00
-2.291047937128348977e+00 1.480090787531543883e+00
-7.300001120785175601e-01 6.254562722680179654e+00
1.923522046320242929e+00 4.148777234357555521e+00
-1.818741375969768592e+00 2.156390049521499375e+00
-6.852727491482694111e-01 2.668423681172173545e+00
-1.465205344682798838e+00 8.280853266536393420e+00
-1.569075464512484697e+00 2.630995068943215109e+00
-1.632901197888667832e+00 7.391623922486397547e+00
1.944726864200404970e+00 1.917836371653736993e+00
-2.231604289078139569e+00 3.861142986302616986e+00
2.721650603464792262e+00 4.369438725493838271e-01
-6.583759540116302933e-01 7.471601205670806323e+00
1.457951452467514786e+00 6.597419302019302823e-01
1.557235070740572658e+00 2.827195713754923290e+00
-8.331308605317733207e-01 2.758308823186855552e+00
7.630009067169871706e-01 7.790864589185738431e+00
-8.835895481589779443e-01 1.347258852699669829e+00
-2.178412277270471265e+00 7.656870923554266462e+00
9.508841820044269255e-01 9.498287391989116424e-01
-2.929473990240583525e+00 6.946488657546145973e+00
3.019374178891189864e-01 4.335617885722741427e+00
-1.751072475388687932e+00 1.024791369518534445e+01
-7.123841907340395796e-01 2.976807850514752385e+00
-2.498008583666390336e+00 3.232699465848946296e+00
-9.596137353692364425e-01 2.695207160817967740e+00
-3.264662402545909892e+00 7.296005382267094497e+00
2.579158545267083102e+00 9.860857469825986543e-01
-3.612429591887329927e+00 7.855794197346838814e+00
-1.477409031571815134e+00 3.411719037614078687e+00
1.552860895161435995e+00 4.095488571870395056e+00
2.058171736972274068e-01 3.602383368192312751e+00
-8.964756640647915109e-01 8.214695549177182698e+00
-1.657010967415609937e+00 3.011835490718691055e+00
-1.488273461381717677e+00 1.261167159011168604e+00
-4.768498260693041502e-01 8.864898844424363489e+00
-1.911783822403181343e+00 3.012233850650196221e+00
1.332636475720896829e+00 5.010360495640338030e+00
2.197220684753657061e+00 5.783352427928420969e-01
-8.934980816329316511e-01 8.452346570034874773e+00
7.210090500301240546e-01 -4.490538458596180504e-01
3.419479848655314624e-01 3.941046161461251973e+00
7.624106117094291424e-01 1.164714529287120159e+00
1.512406045416159639e+00 1.313713706199362896e+00
-7.495654998363223687e-01 8.883432171609648265e+00
9.080284732218638633e-01 6.017130049097756839e+00
2.578544181964631310e+00 7.261173287156892364e-01
6.344785310233647113e-02 5.420803615544242504e+00
-2.580467429340651542e+00 5.866835325855575434e+00
-1.595706427244712788e+00 7.254191538781270765e+00
2.315152564980551553e-01 3.477348788789375700e+00
1.599735017915534296e+00 9.151428189629939869e-01
-2.427413705383837605e+00 9.136888087306356709e+00
-1.891597557613591274e+00 3.074586116605486197e+00
-9.483825154930274337e-01 3.267536718326296441e+00
1.289337780197396421e+00 3.449691588146665211e+00
8.990850896109647827e-01 1.678861761647930662e+00
2.965446429525469441e+00 1.214881875129239397e+00
-1.968533265676648547e-01 6.247408513097682636e+00
-4.186076251218646682e+00 3.524201785692503197e+00
-1.479714365257760456e-01 9.133481987967817517e+00
1.411649118599986874e+00 -1.325739492286489796e+00
-3.057876555257560414e-01 7.567865269406247819e+00
2.576332397885636283e+00 3.218756901248711610e-01
1.103182171250114862e+00 4.705776690893091363e+00
2.341611210325157177e+00 1.506507494413388049e+00
2.695399047530469439e+00 -7.192923843728971089e-01
1.590349448892575346e+00 5.225993999014916902e+00
-1.358745179812077541e+00 6.174760203772332368e+00
9.867700992673155147e-01 6.089657821354225398e+00
-7.536510358193061476e-01 1.734001621139804605e+00
-1.660605572890345050e+00 3.995626067309385299e+00
1.251857857259036422e+00 2.081138821877367429e-01
-2.798685119829630530e+00 8.252778836673432039e+00
1.686085683490433862e+00 6.582844823620108698e-01
2.859420775602749210e+00 2.956028266305943397e+00
-1.906808741551153208e+00 7.321226049701607508e+00
4.723291240977958161e-01 1.508043039045142475e+00
1.315704525041564210e+00 2.440678255344673087e+00
1.150443934917925182e-01 6.213852280547423668e+00
1.212309189856537461e-01 3.082110016820456266e+00
1.427179961791298579e+00 4.166365414771495690e-01
-6.689800889295696162e-01 4.058984127990695967e+00
8.664082636488485978e-01 3.908473056392497424e-01
1.010014155285922755e+00 2.108808949620637918e+00
2.038247107571436789e+00 1.276815395493019034e+00
1.417830495880648467e+00 5.003918456091396294e-01
-1.246462307905609856e+00 1.924758650403541660e+00
5.144705069882526960e-01 9.609256541382690253e-01
-1.880335761979104792e+00 1.301408072682089800e+00
2.650723078270553756e-01 8.388592079849180649e+00
-1.711957684231247390e+00 2.110233773716766681e+00
-1.794637550115872227e+00 1.789870929863115467e+00
2.680498972460064966e+00 -7.043939956688103354e-01
-1.467796803077362933e+00 6.751423394969661373e+00
-1.069488407000914965e+00 1.953270247599393938e+00
-2.973438712785293703e+00 3.718180210673149855e+00
-2.654218691014048837e+00 7.245402369772055984e+00
1.631237965020410075e-01 2.577504725116713136e+00
-6.687717345786392542e-02 7.203556257636428484e+00
-3.487859833407886523e+00 8.236959070731883159e+00
-7.263392097909090461e-01 2.996142436494783734e+00
1.441932518276954900e+00 2.767543641171166247e+00
-1.684571029385721674e+00 5.174605758631331653e+00
2.464522272342094755e+00 6.199676503478973366e+00
-1.922132995876260297e+00 1.758461744933209170e+00
-1.470861455694470354e+00 6.922380797599799962e+00
-6.376277690114564578e-01 4.091047047234421363e+00
-1.006137813761026845e+00 6.946739758287964861e+00
-2.157019020705202905e+00 7.411142394663694510e+00
-1.687445296548297780e+00 8.016798444859416506e+00
9.480878502078401437e-01 4.732119197978807534e+00
-1.700584710319119619e-01 5.276275349297499417e+00
-2.765252815034313638e-01 5.081277683280299939e+00
1.241903262228674532e+00 -5.687606678645766856e-01
-7.053183011721100293e-01 2.923174907632483333e+00
-7.049438833586301190e-01 8.274502973313637710e+00
-2.125557950144891795e+00 1.801985275372727902e+00
1.744381349734405839e+00 9.950638262067207362e-01
1.184545056623355297e+00 5.280426363932103406e+00
-2.388058230172923846e+00 8.620417536882095888e+00
4.666178967948415579e-01 3.865713025837203443e+00
5.889432611385427840e-01 4.001484576873054699e+00
1.363217673648486450e+00 2.434040714183734799e+00
7.082667075951147861e-01 5.106243723244785038e+00
-3.369973563378554360e+00 2.439908257292635607e+00
-5.838579258993878973e-01 1.782050941435655567e-01
-2.942149199392385395e-01 5.273184035606401032e+00
1.021024679648412814e+00 1.579258178219564268e+00
1.372276791208140390e+00 3.210725818717884206e+00
1.153696220800247918e+00 3.902006391240127936e+00
-1.211250052836000179e+00 8.603362423374299794e+00
1.099322520940100523e+00 5.516818842385509125e-01
2.509049292904952821e+00 5.773146097348675454e+00
-1.187999888005961235e+00 4.938925822817919808e+00
-1.084327202293562609e+00 7.931781371562792948e+00
2.745085685967665778e+00 2.199509889502935689e+00
2.481526252210978445e+00 1.574571694968182722e+00
3.038096307705440147e-01 3.944234165907848588e+00
-5.950556391076021745e-01 3.257847245134384284e+00
3.004688328358638305e+00 9.852149013231281671e-01
2.155049649706145765e+00 4.123862491636039351e+00
-2.684259272412759412e+00 2.605590010207428975e+00
-1.612834780193518558e+00 3.112175199378893975e+00
-5.149875141591104821e-01 4.743179028712926737e+00
1.737307803693488584e+00 4.425462343941218180e+00
1.120313649707373127e+00 5.758060834411365292e+00
6.283579292203425037e-01 4.460136296552369650e+00
2.746806272503063973e+00 1.592412803593942883e+00
-2.053882282285517391e+00 6.717148091319963932e+00
-7.228288652059755570e-02 2.883769390269415034e+00
-6.510712516345749101e-01 2.802774792845895480e+00
1.042787300929662875e+00 4.606259225188171769e+00
2.817022188151295792e-01 4.154152787120719559e+00
-2.512414750906056593e+00 1.446047253869535476e+00
-1.252387655497966268e+00 2.026967178337594433e+00
-3.621507084428050582e+00 3.041604175566628765e+00
2.102906000653002039e+00 3.223855819084966434e+00
-2.214741624250588181e+00 1.703804858239001740e+00
-2.192624265570443765e+00 8.073563163473908233e+00
1.352695609702124546e+00 3.204386536864195278e+00
-5.973989017423777526e-01 3.500106852731046381e+00
1.746254552385755332e+00 -7.783401463920394114e-01
-1.993749559274668348e+00 1.500976148206862870e+00
1.378611719724044171e+00 3.618977236508076789e+00
-1.640644772895786474e+00 4.789316960841668802e+00
-1.588530415317553235e+00 2.810576985041947751e+00
-3.115133112108926516e-01 9.247787721679038953e+00
1.142943573919024125e+00 4.938818764340496159e+00
-7.944738621104657783e-01 6.005719604637064890e+00
1.648564835558930408e+00 4.711249163689500641e+00
-1.717557506803305101e+00 2.523032747299672085e+00
-6.539282684195495410e-01 4.766569582974164554e+00
2.206560759274216021e+00 5.506167176232801275e+00
-1.509901220457050552e+00 7.653215231851652867e+00
-1.623721651194345306e-01 2.228433076783184585e+00
-4.583946139058967528e-01 2.464496457481734737e+00
1.937103476304307792e+00 2.174854559410869248e-01
3.549752065924246303e+00 -1.172321365075595256e+00
6.897171416325287296e-02 4.355732723244528870e+00
-2.278191058055126561e+00 7.485516651052491532e+00
2.841595483541853540e+00 4.312445632019942243e-01
2.030941397033942053e+00 1.596327507322485850e-01
-3.282794596659625252e+00 3.368816723139037350e+00
1.329670142969293201e+00 -4.857002954571181252e-01
-3.295442463898936580e+00 3.273364054076891350e+00
8.848433091638230330e-02 2.322990859224463023e+00
7.088110155542581836e-02 6.953041197091677006e+00
-1.048955577849684628e+00 7.784856474679929583e+00
2.899212105026879982e+00 5.784302118882814980e+00
1.022028595847941146e+00 4.116603477422556168e+00
-1.490275604616369209e+00 9.353721185997301291e+00
5.626510977867477115e-01 3.556332516007632449e+00
1.189877155863705571e-01 1.086442256731765754e+00
-8.284468641145698031e-01 2.921653150419391665e+00
6.647175464191223959e-01 4.359952669678134995e+00
1.922386943845921792e+00 5.998727805362089605e-01
-1.063773683903298739e+00 3.196978025725575989e+00
-9.639761039389351804e-01 9.578128796297226799e+00
-2.096216066692091040e+00 3.187786616273883489e+00
3.243297313785179270e+00 1.214606271862786802e+00
-1.888797622368614260e-01 5.204613814402577532e+00
4.314576472123729189e+00 8.554065082772945861e-01
-1.802565401317450799e+00 7.364822357486804805e+00
-1.718288657447024637e+00 7.618728545066057123e+00
-2.208760156379297790e+00 7.042342652933924363e+00
-1.977300433540845503e+00 8.032017416370381468e+00
-1.733807689385877593e+00 3.798061173413904701e+00
-1.156079011940803758e+00 3.059944066520357886e+00
-3.856597634176986977e-01 5.179840922666663516e+00
3.359414853410437107e+00 5.248266814438803607e+00
-1.542586124824460558e+00 3.078810429631345436e+00
1.110821265514627232e+00 4.876139667353888707e-01
2.063540041011786563e-01 4.843036518740206908e+00
-2.006559827229853710e+00 3.538240559676634867e+00
-2.210914910959122182e+00 4.577433057522994453e+00
-6.909152456133105247e-03 4.637471568749316653e+00
2.015984703205381923e+00 -2.704298378032601313e-01
2.211774059398253112e+00 1.129844696138213145e+00
-1.451152615512816935e+00 7.725577236332282105e+00
8.730512267529372261e-01 4.714385829386761984e+00
-9.448254296404767771e-02 5.358239054379526856e+00
-2.581532477206919474e+00 3.738130098657803657e+00
9.077988690217750900e-01 4.598436151935032523e-01
-1.196617102315813419e-01 8.331460961985557745e+00
-6.579405263251104641e-01 3.194754167179250537e+00
1.840706277406000568e+00 3.561622307041948154e+00
-1.519089290803512515e-01 7.601244214297059543e+00
5.411165268248576687e-01 6.153051055927731383e+00
2.152992489147733224e+00 1.480617339691230772e+00
6.312066124503459275e-01 4.043437765757432190e-01
-3.225009832654160302e+00 3.305162736728185724e+00
-2.246508401773698704e+00 2.104889272779045140e+00
3.246024702534102691e+00 2.849421652849625453e+00
4.218503470713567793e+00 2.234191609374329257e+00
1.701273610179393492e+00 -4.772876334800815190e-01
8.298320026027095064e-01 1.742026636339484291e+00
2.843829038973065160e+00 5.209831985723774928e+00
-1.239627875828573478e+00 8.362464224096255450e+00
-2.266297650033514799e+00 7.757605259700745215e+00
3.207599086215997541e+00 1.977282251974758376e+00
2.976126345213696567e+00 1.216391312880958475e+00
2.115670763089795514e+00 3.068961507094737584e+00
2.549009298782066057e+00 7.815597209035707316e-01
2.335192120476115907e+00 7.995132702949793169e-01
4.011179829683571896e+00 1.287756982625863689e+00
-1.765774817256553053e+00 6.856630156282825794e+00
-6.032529764772820435e-02 3.770434200794354318e+00
-1.379309786287562067e+00 8.968539895201317336e+00
8.778175541210627708e-01 3.640309041086282615e+00
2.454313867073007582e+00 -1.874929096488712865e+00
1.655818492170002321e+00 1.267719547785456147e+00
-1.034775725835980875e+00 6.626886361908374212e+00
-1.926281556310600163e+00 9.133305806292694839e+00
-1.293959735406384759e+00 8.055967671398770236e+00
1.919317820754556703e+00 2.034555022540632585e+00
2.827058072646544851e+00 1.721167813901668620e+00
8.080351735281943171e-02 4.690689825307652328e+00
1.447968277817429872e+00 7.761535349361181169e+00
-1.967826645514497264e+00 2.637526766148613255e+00
