-1.035058003401800208e+00 9.498008704825811055e-02
9.143220209689217892e-01 4.576730104815674438e-01
6.376041724741784433e-01 7.283415087382588693e-01
1.208323605743264251e+00 -4.058565943682483912e-01
3.093102446642504444e-01 -1.723452853718059341e-01
2.165549492859406011e-01 1.461979097844823272e-01
-6.461049709609307801e-01 8.203430731941786513e-01
1.568602250972417345e+00 -2.265246449051855349e-01
1.829470259232206075e+00 -1.471749652062093738e-01
1.430006642037954245e-01 9.624059946184919667e-01
-4.513184950528172368e-01 7.743098885337905690e-01
1.898208615663631971e+00 -8.227921141800211002e-02
1.518812190969812681e+00 -3.935236667123118148e-01
-8.151729246660335271e-01 5.517455581834415090e-01
1.889352580499454870e+00 1.407785994834337973e-01
1.844333988937877145e+00 -1.033039975864372961e-01
-1.025151787339078496e-01 1.169239649934978642e+00
1.054913135019621473e+00 -5.122947797341053100e-01
-9.659865218112618779e-01 6.029819357819292680e-01
-4.564653027962737308e-01 7.675338929310548952e-01
3.225890253082656645e-01 -9.879870170860377554e-02
8.908209972822005440e-01 5.497518435437166451e-01
9.655305600756182161e-01 -5.901314561099508804e-01
-9.032276428386417644e-01 2.886341689739751470e-01
-4.171834949066791642e-01 8.098660688004755137e-01
-3.834064201672162664e-01 8.602187147306287196e-01
-8.310871466601138513e-01 5.533557359077031501e-01
-4.953889993062686736e-01 9.202655988216650318e-01
2.334520305452256195e-01 -2.017545324467397150e-01
3.700342031357753969e-01 -4.076089861615087573e-01
1.025393489728814611e+00 2.637629687268939760e-01
9.319571806326787389e-01 5.809878177324971915e-01
3.143348426270028972e-02 9.918401602736039990e-01
-8.292144331436863691e-01 6.874892872750012485e-01
9.436397918798484774e-01 -4.265856276128945912e-01
1.119369200445637959e-02 3.631121601439145086e-01
5.466234582281014331e-01 -3.404682129452555883e-01
5.797202068810213271e-01 -3.640755594868108624e-01
1.522484450231747832e+00 -4.216544027367394309e-01
-8.147179461166155212e-01 6.282966016936200049e-01
-7.520120645037621232e-01 5.998438444209727161e-01
2.045242296866959908e+00 5.687963907661777174e-01
3.742077508127568675e-01 8.734775934108295337e-01
8.030408012697484166e-01 6.939310759430846742e-01
2.993890937055559975e-01 -6.282271887920888587e-02
1.920029205598786870e+00 4.770578917391463669e-01
6.734938341344085533e-01 7.504690125944925017e-01
8.465102654201467347e-01 5.863504256862787090e-01
7.969882180197470634e-01 -4.134088970538493113e-01
-8.083067328070550062e-01 4.014785133621610047e-01
1.968895613112852383e-01 1.443202836986367532e-01
1.695931623420362300e+00 -2.213781395036093225e-01
9.009964858018931766e-01 4.544376648281184261e-02
3.338672983010682049e-01 -2.987863774947359108e-01
1.390438761120514899e-01 -5.377709721216109712e-02
-8.126466494306693322e-01 7.613895493027810213e-01
6.719897392674831771e-01 -4.488873380035127703e-01
-1.066480562905376850e+00 6.616639943462628015e-03
1.771889244530251206e+00 -2.461082493489271938e-01
-9.542536966933845566e-01 -2.593422115205468170e-04
1.759234606375632781e+00 -1.763199201762958579e-01
-8.957290146505065831e-01 1.255813679769300084e-01
5.550558097356000919e-01 8.657254058997763124e-01
1.006969413815693937e+00 3.245197245996496171e-01
4.107292067893353882e-01 7.708088473595461343e-01
1.184369877384105624e-01 5.753776593284080920e-02
2.106904036731497010e-01 9.479730503352479243e-01
1.973903645173729293e+00 6.704950626342373599e-02
-8.885893468579297849e-01 3.767130709943952716e-01
6.128822069076442780e-01 -2.857806713685565603e-01
-1.470942982839345547e-01 1.137146024014396462e+00
2.903336608124910123e-01 -3.517435543489930150e-01
1.368540728602628542e+00 -2.819538680691585641e-01
2.650156531225688616e-01 8.938977843178609328e-01
6.162578158282930318e-02 -4.852470531157858369e-02
-6.573057529889328454e-02 1.555001473878298013e-03
7.942394854465634202e-01 8.338364941938760655e-01
6.633011256921003129e-01 -4.799256765587594509e-01
4.388167673013311856e-03 6.760997696337741614e-01
9.068054237188095945e-02 2.262102197963176131e-01
9.828023620345180955e-01 6.799116519035153239e-02
-7.175072408599496576e-01 6.522447217733416958e-01
-3.146507378563823121e-02 1.089879021587063956e+00
1.882232907183222670e+00 2.866863674608912671e-01
2.019462339853804078e+00 2.541749439919016029e-01
-8.699770027788636950e-01 4.216575704469079366e-01
1.320403764137944691e+00 -4.185779906686777907e-01
4.817892980408863268e-01 8.747922642061457532e-01
1.912825186246526643e+00 1.916057950898432949e-01
-2.854853895533696617e-01 1.043089128824784551e+00
7.931954865146633171e-01 6.863861697392185102e-01
6.862986220150815164e-01 -3.980855598135176199e-01
4.188373340169549569e-02 4.150124696573710414e-01
3.659246291051162503e-01 7.744826459632996318e-01
8.895024161723174005e-01 4.291654421566767907e-01
2.103903371864343619e+00 3.090347633660792681e-01
1.266326723870427662e+00 -4.352805122461388954e-01
9.828396854431985519e-01 2.590713006584661748e-01
6.156216269262517748e-01 8.269352984378330884e-01
1.767878826287097305e-01 -2.885982572455121631e-02
9.716267781591546582e-01 8.061035235562091783e-02
6.706492905985002029e-01 9.296174611405332300e-01
6.298376819804316629e-01 -5.053195817077846819e-01
9.480543808601079592e-01 -5.795709770719468246e-01
9.830790109973597257e-02 2.682966509188046134e-01
7.739158289761758347e-01 -4.854690314806435758e-01
7.933197865936745252e-01 4.448158094409909724e-01
-4.095270638828977794e-01 9.826402729578007644e-01
1.176701675945842629e-01 2.301786034471714759e-01
8.566640445812969684e-01 -4.785517598966940733e-01
1.541933190196089765e+00 -3.005847844271526403e-01
1.086576575380669318e+00 -3.580362979314905686e-02
1.949679484135353524e+00 5.702804189705451554e-01
9.580575047781005882e-01 -3.760860434205537395e-01
-6.282840052933899022e-01 7.954196283565597714e-01
2.035598552402336781e-01 -1.703836619314775813e-01
-3.487312456572055352e-01 9.538085069011388306e-01
2.105996639519608082e-01 9.914732284720887412e-01
1.306994265066480088e+00 -4.729422638683489222e-01
6.048125743371849383e-01 8.104721983739197055e-01
3.021443251671908636e-01 1.028665064420958730e+00
6.757335268321110200e-02 2.529283061643136099e-01
1.344330274984470552e+00 -4.543407516334633800e-01
1.172411002944562908e+00 -3.393049207282590185e-01
7.915057538373261314e-01 8.489007556471490634e-01
7.369445545035415712e-01 7.399921850023742920e-01
1.779871739224496263e+00 1.005739590911521042e-01
9.089207462741537569e-01 -5.984841226157873173e-01
-7.638085025298331221e-01 4.048809680808962419e-01
1.836149745376051412e-01 9.721865531250660775e-01
1.596771127140619528e+00 -2.597805681337805872e-01
1.348971830964983409e-01 1.107604172859164571e+00
-9.349206671742128494e-01 1.480789376776651955e-01
1.136794004588892237e+00 -5.109880310549734794e-01
2.269674823969294042e-01 8.965015060722794082e-01
6.686829433000496259e-01 -4.406288732774776840e-01
1.016144559414640103e+00 1.159602709269822590e-01
-1.713587337750742678e-01 2.744015676267999582e-01
-1.189853497076751587e-01 9.896770925889285531e-01
5.194541981749771775e-01 -3.433492820095654929e-01
1.937394080649874839e+00 -4.362547778042479008e-02
1.762576316626554451e+00 -2.380932466609163578e-01
1.800282279620982084e+00 1.103669736589689143e-01
9.539947489309301421e-02 1.115476952442738812e+00
-8.857685623485112014e-01 5.442700312054513656e-01
4.904461012289161315e-01 1.035008282532349888e+00
9.840443970014491892e-01 3.366552468915134932e-01
6.267684997710268324e-02 2.744599432836472008e-01
-8.909552129049503888e-01 2.636045971191905979e-01
-9.503781206144465976e-01 4.660146532557974397e-01
1.856942837717090455e+00 -1.009321128802831008e-01
1.808729758323292858e+00 -6.631396535242739532e-02
-1.079886600523362938e+00 4.203588550971227855e-01
1.034403468414817784e+00 2.408671506029402554e-01
9.311185388700762289e-01 2.381155982968329587e-01
-3.334239625314809885e-01 1.054985664508883980e+00
1.704168720339278575e+00 -2.513439225119619147e-01
4.449760667362694933e-01 -2.728394474075468978e-01
8.368795302436455863e-01 3.888254018587807281e-01
-6.553256694208254851e-01 7.859835238856766049e-01
1.807934864464921576e+00 -2.981686935193118004e-01
5.185105772359581700e-01 -3.871011375542163235e-01
1.444631574746968905e+00 -3.131499343302672211e-01
1.929901979440670212e+00 -7.998659202796888634e-03
-2.612830673552758998e-01 8.856799947894941072e-01
-1.758160985750852612e-01 9.541460907832874927e-01
-3.659221738204368468e-02 2.377625552209200743e-01
-1.234226290272473214e-01 9.855091658803780685e-01
1.999782472799906952e+00 2.337337699427576576e-01
-2.741200271260243460e-01 9.670022146905867810e-01
8.617609012553262282e-02 1.089214969626194796e+00
-8.758410509408700584e-01 2.954928641355024643e-01
7.308221818234640343e-01 6.616218163368442484e-01
-2.768049232347412625e-01 8.797075168892698471e-01
1.505128594072466353e+00 -4.683051385609580120e-01
1.928440473183766324e+00 1.152797129953108124e-01
4.582454697907455410e-01 -3.698570289655727095e-01
3.884916676607155228e-01 9.950010308274130910e-01
1.162838794430121725e+00 -4.658503844372262614e-01
2.096212753027242304e+00 1.264927263748289732e-01
9.387086038597436399e-01 -3.611270778596268466e-02
-9.326784104881920279e-02 9.932704601489270591e-01
9.045393386941977809e-01 -5.489521286323512106e-01
3.619512176448401175e-01 -3.408851454383008961e-01
1.063948620763574437e+00 -4.305750300051769397e-01
8.367790216789650071e-02 4.539665262959665659e-01
-1.065548058961382161e+00 -2.471940245514113650e-04
3.042253281921442065e-01 8.989321585107869217e-02
-9.614057749315869650e-01 4.903153193826110812e-01
-7.305800769411274764e-01 6.625640237561176704e-01
3.186268004518547636e-01 -2.163826829714975419e-01
1.856466681479873371e+00 5.705963433545355734e-01
8.073470774022746266e-01 6.024603399449270924e-01
1.912585907828885157e+00 1.400928541205267719e-01
-6.649109097968757265e-01 7.291969945226768335e-01
-1.057196394036382520e-02 2.797399127282623188e-01
8.407827554602160802e-01 3.889072221392833595e-01
-1.163136751010073189e+00 2.716586979031784255e-01
1.834539252704794343e+00 -9.927609149182782533e-02
1.981265238509630558e-02 4.570943855788326404e-01
1.304545117743373339e+00 1.137379466098696001e+00
1.496259739656619070e+00 1.114593874038840804e+00
1.466438901048704446e+00 1.247116797518618148e+00
6.428498663221144938e-01 1.948787855883350462e+00
1.492087070396313386e+00 1.135047016412013887e+00
1.678382292555342659e+00 1.260708870625874223e+00
1.475339618147935017e+00 1.263530035846177846e+00
1.416493352506714487e+00 1.131984045136702033e+00
7.044287424880228965e-01 1.987068492252179741e+00
1.549753845943012021e+00 1.181323115397730383e+00
7.551032586888276610e-01 2.147752824068360766e+00
1.553947871166135197e+00 1.228046920481734139e+00
8.893596687883349450e-01 1.761243506540604242e+00
1.518697621739813819e+00 1.177097703150683738e+00
1.139861149615902791e+00 1.094878204260644194e+00
9.356576888092006383e-01 1.948811904911011084e+00
1.486397131803851801e+00 1.198576208472252658e+00
1.363386145472839983e+00 1.075898107115299984e+00
1.415451528839899886e+00 1.205504382332705404e+00
1.390951220451096537e+00 1.218962827352270795e+00
1.532183180752306528e+00 1.166290292734727618e+00
1.515491410343676071e+00 1.248695563485294091e+00
8.956451145868803421e-01 1.878850982771178790e+00
1.381088382530602843e+00 1.141298864374376221e+00
7.814886346342044821e-01 1.862920384778200766e+00
6.946419652422066715e-01 1.912520871790818866e+00
1.514486611520855952e+00 1.283892487811085337e+00
8.313347289050438960e-01 1.779344247822730152e+00
1.374146416487974420e+00 1.246508885544723721e+00
8.303328199341447613e-01 2.037052615676914868e+00
7.454976337837297962e-01 2.057892978401232753e+00
1.580304258838306053e+00 1.198340274496031865e+00
6.500266051816561141e-01 1.844798839859555173e+00
7.852438401994883410e-01 1.836916637359319981e+00
8.304319594316920128e-01 1.778342181176436831e+00
1.483893853180157096e+00 1.137295280678193743e+00
8.633625191462270809e-01 1.976621916088509678e+00
1.622589565237345433e+00 1.073535418511388340e+00
7.577849445185420585e-01 1.871527877773245585e+00
1.384735809779540139e+00 1.185843324247383368e+00
8.968696421688765463e-01 1.849601590992467681e+00
1.505281029050372643e+00 1.140944513113675729e+00
1.462763206338118627e+00 1.107591531245490035e+00
1.499689432219314833e+00 1.128026008868007857e+00
7.503804268825157164e-01 2.046782020535563795e+00
1.381438163943558894e+00 1.165178384228773956e+00
7.848589737295532665e-01 1.957507065456655759e+00
6.682308774054062095e-01 1.851252908461378688e+00
7.750685171195673684e-01 1.979610899997563234e+00
1.561499856964585264e+00 1.182611230243859390e+00
1.251598311191829405e+00 1.144741466225997151e+00
6.606944940746116712e-01 1.916801123414385133e+00
7.375154094559008833e-01 1.871318243260903458e+00
6.890163687028445505e-01 1.872259237840504742e+00
8.573853620122526831e-01 2.006808818023322782e+00
1.371294836465001943e+00 1.191364432787893168e+00
7.587879926295290067e-01 1.998293111873121308e+00
7.783874850245930954e-01 1.829993471017195450e+00
1.416884053060977866e+00 1.220521962129836879e+00
1.365837018518015089e+00 1.243527315820400325e+00
1.443175658587082522e+00 1.148016874928189823e+00
1.388074617467440319e+00 1.212356347041694038e+00
1.473755493477693301e+00 1.120015990008526474e+00
7.558330581635173129e-01 1.758953794198486742e+00
1.452533899097548264e+00 1.321098599591419287e+00
5.940138945881117127e-01 1.908284910300435122e+00
7.477305152209315908e-01 1.795657519924242385e+00
1.526399865328025740e+00 1.260151519320501290e+00
6.162616328048818870e-01 1.921114736406744683e+00
7.834420666515711229e-01 1.725124597283558936e+00
1.515922535046927422e+00 1.350590859694331014e+00
6.477971256612826689e-01 1.932853346079359769e+00
8.116469724712256362e-01 1.815712857178203965e+00
8.281834323990296953e-01 1.810489867340358439e+00
1.608115212529421800e+00 1.053730753276129306e+00
7.226145543709293628e-01 2.173445529478794214e+00
9.070015192454641273e-01 1.978172085735123265e+00
1.326220946827100899e+00 1.103534464402560866e+00
7.822065808350813221e-01 1.998983125532068250e+00
6.889095764717853010e-01 2.086656431270726308e+00
1.337899488189305597e+00 1.289103163099550864e+00
1.538717244135136220e+00 1.258353994937419618e+00
1.546529518521613245e+00 1.278667931994136975e+00
1.594535764338242956e+00 1.199417352557349048e+00
1.438731068483494191e+00 1.072538650197588206e+00
1.695453740290161049e+00 1.010590449134898261e+00
4.871057272857506337e-01 1.983618863257354814e+00
1.590678998541472433e+00 1.126550021832195103e+00
1.381765844066166871e+00 1.221685689543264397e+00
1.380015699404732565e+00 1.137377703849671073e+00
7.495915833589710253e-01 1.877969899482317739e+00
7.590453742034890539e-01 1.851081047408212443e+00
7.298441412166127851e-01 1.931583347053193567e+00
7.767493176277269207e-01 1.984146937723434645e+00
1.488484540733682415e+00 1.146622650856960135e+00
8.521801899443200989e-01 1.994556624731452121e+00
8.012743942564147792e-01 1.931127080143151042e+00
1.676203503324073418e+00 1.300563494449187951e+00
6.788749283069897000e-01 1.868662398160055416e+00
1.386705362169053046e+00 1.173635107720072401e+00
1.331964562920745943e+00 1.380462844979508663e+00
6.075431634896835131e-01 1.859364080543296271e+00
1.677291221088436757e+00 1.002108188441823033e+00
7.098694223815091853e-01 1.755077118006620474e+00
6.419909878886137511e-01 1.949675854344150805e+00
1.462086262832541284e+00 1.097064031930292227e+00
1.559388059972130369e+00 1.262456093524652934e+00
1.261473624957049289e+00 1.215962399871016064e+00
1.559030267441415152e+00 1.139626602827832791e+00
5.883319142386022049e-01 1.919891998673062705e+00
1.545274095506706136e+00 1.260279852586434490e+00
7.030163605987462816e-01 2.007140835441723947e+00
1.343958242917232537e+00 1.163866844809978263e+00
8.406204494649324177e-01 1.934303723785800733e+00
1.679306129373965728e+00 1.120582212105268205e+00
1.382165815299462919e+00 1.406555695962619312e+00
7.732764648513283934e-01 1.710100588354052542e+00
6.012280386579822444e-01 1.829444191980361456e+00
8.229268956942660251e-01 1.918565440938829303e+00
1.591754373201652584e+00 1.138159829510490217e+00
8.077659470747520221e-01 2.120474175400830052e+00
1.533002282793921367e+00 1.157194921205489502e+00
1.682968176944577454e+00 1.116487139858558075e+00
6.644008658878844953e-01 1.749943890351245868e+00
6.651584853724611390e-01 1.870507375234711001e+00
1.508369826437433003e+00 1.274780373737006922e+00
7.663983302798431652e-01 1.939960350792716115e+00
6.707549084611013068e-01 1.869222461199264718e+00
6.813880376641291425e-01 1.962596241703919109e+00
1.521076934692126903e+00 1.310873532412133002e+00
6.582778301426038814e-01 1.760198242686303205e+00
1.453111868777124283e+00 1.237488140603967279e+00
1.609102244402314419e+00 1.293244051002593764e+00
8.649397955954654105e-01 1.819360380984661241e+00
1.416794697043866735e+00 1.306212028090809829e+00
1.468545067613191479e+00 1.132156933633491569e+00
6.961042173180210790e-01 1.952755356131167908e+00
1.312050887027408796e+00 1.148893561107448003e+00
1.464512253594628444e+00 1.202015027770547473e+00
5.765884544434216608e-01 1.845199859895735095e+00
1.551219947294877999e+00 1.215651168967908369e+00
7.718262311551379318e-01 2.032142888248074986e+00
6.601287947321726746e-01 1.819847584323288414e+00
7.699665971952005528e-01 1.705461600431854796e+00
7.741295227293126802e-01 1.936073433769529784e+00
1.319179449473077748e+00 1.056570590956417588e+00
1.470968092121812010e+00 1.158785608707897152e+00
1.627229014015973529e+00 1.054302830598009999e+00
7.011628139101959700e-01 1.882862715153450717e+00
1.495078640182610608e+00 1.344852590089028466e+00
8.454178506191571962e-01 1.942706705513482124e+00
1.498163481200526004e+00 1.384934052315661912e+00
1.432460959158775582e+00 1.273213890443400054e+00
1.473687480122082061e+00 1.256832670937764629e+00
1.496404518871654377e+00 1.184302662957304797e+00
9.376988278157779577e-01 1.918886394103016091e+00
7.267339591621398975e-01 1.972828662229041630e+00
6.516120706719927824e-01 1.980137073194077502e+00
6.384467402941221836e-01 1.781807950411765207e+00
8.312862536941739711e-01 2.091107911085226867e+00
7.549011095393249882e-01 1.787131583036769999e+00
1.462136570023571114e+00 1.168451104502059357e+00
7.582563153482752005e-01 1.702671721359743096e+00
1.515492652253414896e+00 1.582590117459545365e+00
6.810777655368759342e-01 1.924653982535932562e+00
6.571378142713446557e-01 2.056422053321586230e+00
1.448809374119251814e+00 1.256148689042530853e+00
1.581931895694938861e+00 1.150399403183602676e+00
1.461897724226395301e+00 1.209049706724951490e+00
7.786922654011825262e-01 1.927534140037821420e+00
1.470415885532356359e+00 1.089542490601142610e+00
1.292674430713722344e+00 1.332704205810614440e+00
7.456090607242006341e-01 1.784560809057879061e+00
1.419983434953111745e+00 1.210391026122682234e+00
5.572031161648208775e-01 1.898777225274910663e+00
6.339808799524947469e-01 1.938998414654399483e+00
7.148087860420480055e-01 1.821200885897670485e+00
1.640533307650919870e+00 1.237815139490168859e+00
7.021327991012298320e-01 1.955684617178428786e+00
1.397809237145971384e+00 1.282560301873695519e+00
1.579798970972816852e+00 1.276483237790366765e+00
1.442219763300088164e+00 1.307194653592792299e+00
7.271130489109738360e-01 1.937139869971006956e+00
6.253851666069167869e-01 1.769382951511404567e+00
7.704896121077453586e-01 1.776854734948633441e+00
7.964040001520794609e-01 1.894145721554145068e+00
7.852197982455664249e-01 2.055232269466429340e+00
7.418792255366916111e-01 2.001781902609034880e+00
1.392457512696813282e+00 1.265276743287540917e+00
7.027384684134787562e-01 1.854855637462806683e+00
1.392143461497566514e+00 1.175972253222888453e+00
7.329516665281240462e-01 1.941833698501286287e+00
7.256649002223913847e-01 1.878014917124914307e+00
1.532613902660261429e+00 1.036045381275108035e+00
6.299498879744601654e-01 1.967083973683215303e+00
7.413700667533145161e-01 1.935543810301496581e+00
1.405051407928388896e+00 1.282277178096175696e+00
7.245414260944379459e-01 1.826054996384083307e+00
1.471568339442182793e+00 1.129600797242862109e+00
7.748352767670013685e-01 1.893984021243215521e+00
